0100100101101110
1100000110010100
0001101101000000
1000000000101001
0000000010010100
0011001000010001
1001001011010000
0001100001100000

0010001101110010
0011001100010000
0001001110000100
0011000000001000
1100001111111011
0011110000111111
0010010100010000
0100101100010001

0100101100100110
1101100110010000
1000100100000001
1000000000101001
0000000000000100
0110011110110001
1001001001110000
0011100011001000

0010011011100011
0011001100110001
0001111110000100
0000000000000010
1101110001111111
0100001000000011
0011010000000000
1100100100001001

0111111010111111
1111111111011010
1000000000010000
1101100000001111
1010110001100101
0010101011110011
1101101101010000
0111000111001100

1001001001101011
0000000000000100
0000111001111110
0000000000000010
0101111100001100
1011110111110000
1111111100010001
0101110110101001

0100101011100111
0111111011001011
1101001010100010
1000011000111011
0010010010011011
0001100101011001
1011001011010001
0001010001011010

0010100101001001
1100110000001010
0000000000000100
0000110000000010
0000001111110001
1001010111111111
0111010111001000
1001100100001101

1100101101101110
0110010001100010
1000100110000000
1000001100100001
0101111111010111
0000100001001111
0010011001001101
0001010101011001

0000000000001101
0010001000111001
1011001110000000
1011101010100000
1111001111110111
1001010110111111
0011010101010000
0001100100001100

1110001001101110
0111110001100010
0001101100000101
0010000010000011
0100011101000001
1000100111100110
0011010001101101
1011011001011101

0100100000011100
1000100111100011
0011111100000101
1000100010100000
1111010000111111
1010100110001011
0111010100000010
0001101001010011

1110100111101110
0011111111011010
1101000010000001
0001111010001001
0010000101000101
0000110101110110
1001001001000111
1001011011110011

0010010010111011
1010101001110011
1000110101111000
1000100000001011
0011111100001100
0100001011011000
0010110111000000
0001101100110010

0101100101111101
0001100010000001
1100101100011011
1011010000011000
0100010011110010
0001000100110101
0011010000000000
0000100000100010

0100100000010001
1111111100110001
1010001011010101
0010110010001011
0000111111110000
0011110001111101
0001100010001101
0010000101100101
